a
  ------------------------------------------------------
 etmp1=  -1.1558044344781979     
 etmp2=   6.6006480222352604   

 etmp1=  -1.1558044344781979      -2.14037858236703307E-005  -2.2301195810592396
 etmp2=   6.6006480222352604 
